node:5
'cut_approx_ratio': 0.9383231593725551

X and Y
'cut_approx_ratio': 0.9415693080664257

X in Y